<?xml version="1.0"?>
<opencv_storage>
<classifications type_id="opencv-matrix">
  <rows>32</rows>
  <cols>1</cols>
  <dt>i</dt>
  <data>
    45 42 43 47 41 40 53 55 52 49 48 57 54 51 56 50 45 42 43 40 41 47 50
    49 52 51 53 54 55 48 56 57</data></classifications>
</opencv_storage>
