<?xml version="1.0"?>
<opencv_storage>
<images type_id="opencv-matrix">
  <rows>32</rows>
  <cols>600</cols>
  <dt>f</dt>
  <data>
    255. 210. 0. 0. 0. 0. 0. 0. 0. 197. 255. 255. 255. 255. 255. 255.
    255. 255. 255. 185. 255. 217. 38. 38. 38. 38. 38. 38. 38. 206. 255.
    255. 255. 255. 255. 255. 255. 255. 255. 195. 255. 236. 149. 149.
    149. 149. 149. 149. 149. 231. 255. 255. 255. 255. 255. 255. 255.
    255. 255. 226. 255. 255. 255. 255. 255. 255. 255. 255. 255. 255.
    255. 255. 255. 255. 255. 255. 255. 255. 255. 255. 255. 255. 255.
    255. 255. 255. 255. 255. 255. 255. 255. 255. 255. 255. 255. 255.
    255. 255. 255. 255. 255. 255. 255. 255. 255. 255. 255. 255. 255.
    255. 255. 255. 255. 255. 255. 255. 255. 255. 255. 255. 255. 255.
    255. 255. 255. 255. 255. 255. 255. 255. 255. 255. 255. 255. 255.
    255. 255. 255. 255. 233. 255. 255. 255. 255. 255. 255. 255. 255.
    255. 255. 255. 255. 255. 255. 255. 255. 255. 255. 255. 202. 255.
    255. 255. 255. 255. 255. 255. 255. 255. 255. 255. 255. 255. 255.
    255. 255. 255. 255. 255. 185. 255. 255. 255. 255. 255. 255. 255.
    255. 255. 255. 255. 255. 255. 255. 255. 255. 255. 255. 255. 185.
    255. 255. 255. 254. 242. 242. 250. 242. 242. 242. 242. 242. 242.
    242. 242. 242. 242. 247. 255. 185. 255. 255. 255. 245. 132. 132.
    202. 132. 132. 132. 132. 132. 132. 132. 132. 132. 132. 178. 255.
    185. 255. 255. 255. 237. 21. 21. 156. 21. 21. 21. 21. 21. 21. 21.
    21. 21. 21. 109. 255. 185. 255. 255. 166. 153. 0. 0. 95. 0. 0. 0. 0.
    0. 0. 0. 0. 0. 0. 95. 255. 185. 255. 255. 55. 51. 0. 0. 32. 0. 0. 0.
    0. 0. 0. 0. 0. 0. 0. 95. 255. 185. 255. 255. 21. 0. 0. 0. 0. 48. 0.
    0. 0. 55. 55. 0. 1. 0. 51. 130. 255. 185. 255. 255. 62. 0. 0. 0. 0.
    145. 0. 0. 0. 166. 166. 0. 4. 0. 153. 199. 255. 185. 255. 255. 109.
    21. 21. 21. 21. 226. 21. 21. 21. 255. 255. 21. 27. 21. 237. 255.
    255. 185. 255. 255. 178. 132. 132. 132. 132. 239. 132. 132. 132.
    255. 255. 132. 135. 132. 245. 255. 255. 185. 255. 255. 247. 242.
    242. 242. 242. 253. 242. 242. 242. 255. 255. 242. 243. 242. 254.
    255. 255. 185. 255. 255. 255. 255. 255. 255. 255. 255. 255. 255.
    255. 255. 255. 255. 255. 255. 255. 255. 255. 212. 255. 255. 255.
    255. 255. 255. 255. 255. 255. 255. 255. 255. 255. 255. 255. 255.
    255. 255. 255. 242. 255. 255. 255. 255. 255. 255. 255. 255. 255.
    255. 255. 255. 255. 255. 255. 255. 255. 255. 255. 255. 255. 255.
    255. 255. 255. 255. 255. 255. 255. 255. 255. 255. 255. 255. 255.
    255. 255. 255. 255. 255. 255. 255. 255. 255. 255. 255. 255. 255.
    255. 255. 255. 255. 255. 255. 255. 255. 255. 255. 255. 255. 255.
    255. 255. 255. 255. 255. 255. 255. 255. 255. 255. 255. 255. 255.
    255. 255. 255. 255. 255. 255. 255. 255. 255. 255. 255. 255. 255.
    255. 255. 255. 255. 255. 255. 255. 255. 255. 255. 255. 255. 255.
    226. 236. 149. 149. 149. 149. 149. 149. 149. 149. 149. 149. 149.
    149. 149. 149. 149. 149. 149. 226. 195. 217. 38. 38. 38. 38. 38. 38.
    38. 38. 38. 38. 38. 38. 38. 38. 38. 38. 38. 195. 185. 210. 0. 0. 0.
    0. 0. 0. 0. 0. 0. 0. 0. 0. 0. 0. 0. 0. 0. 185. 0. 0. 0. 0. 0. 0. 0.
    255. 255. 255. 255. 255. 255. 0. 0. 0. 0. 0. 0. 0. 0. 0. 0. 0. 0. 0.
    0. 255. 255. 255. 255. 255. 255. 0. 0. 0. 0. 0. 0. 0. 0. 0. 0. 0. 0.
    0. 0. 255. 255. 255. 255. 255. 255. 0. 0. 0. 0. 0. 0. 0. 0. 0. 0. 0.
    0. 0. 0. 76. 255. 255. 255. 255. 255. 0. 0. 0. 0. 0. 0. 0. 0. 0. 0.
    0. 0. 0. 0. 0. 255. 255. 255. 255. 255. 0. 0. 0. 0. 0. 0. 0. 0. 0.
    0. 0. 0. 0. 0. 0. 255. 255. 255. 255. 255. 0. 0. 0. 0. 0. 0. 0. 0.
    0. 0. 0. 0. 0. 0. 0. 255. 255. 255. 255. 255. 0. 0. 0. 0. 0. 0. 0.
    0. 0. 0. 0. 0. 0. 0. 0. 255. 255. 255. 255. 128. 0. 0. 0. 0. 0. 0.
    0. 0. 179. 179. 0. 0. 0. 0. 0. 255. 255. 255. 255. 0. 0. 0. 0. 0.
    179. 179. 0. 0. 255. 255. 229. 92. 0. 0. 0. 255. 255. 255. 255. 0.
    0. 0. 0. 229. 255. 255. 92. 10. 255. 255. 255. 255. 163. 20. 0. 255.
    255. 255. 255. 26. 20. 163. 255. 255. 255. 255. 102. 102. 255. 255.
    255. 255. 255. 219. 76. 255. 209. 209. 255. 255. 219. 255. 255. 255.
    255. 255. 148. 178. 255. 255. 255. 255. 255. 255. 255. 255. 102. 51.
    255. 255. 255. 255. 255. 255. 255. 255. 255. 255. 255. 255. 255.
    255. 255. 255. 255. 112. 31. 0. 112. 255. 255. 255. 255. 255. 255.
    255. 255. 255. 255. 255. 255. 255. 255. 255. 255. 5. 0. 0. 51. 255.
    255. 255. 255. 255. 255. 255. 255. 0. 46. 229. 229. 245. 255. 255.
    255. 0. 0. 0. 51. 255. 255. 255. 245. 229. 229. 0. 0. 0. 0. 0. 0.
    107. 179. 255. 255. 15. 0. 0. 51. 255. 255. 179. 107. 0. 0. 0. 0. 0.
    0. 0. 0. 0. 0. 255. 255. 51. 0. 0. 51. 255. 255. 0. 0. 0. 0. 0. 0.
    0. 0. 0. 0. 0. 0. 255. 255. 51. 0. 0. 51. 255. 255. 0. 0. 0. 0. 0.
    0. 0. 0. 0. 0. 0. 92. 255. 255. 234. 229. 229. 234. 255. 255. 92. 0.
    0. 0. 0. 0. 0. 0. 0. 0. 0. 255. 255. 255. 255. 255. 255. 255. 255.
    255. 255. 15. 0. 0. 0. 0. 0. 0. 0. 0. 46. 255. 255. 255. 255. 209.
    209. 255. 255. 255. 255. 183. 0. 0. 0. 0. 0. 0. 0. 0. 204. 255. 255.
    255. 255. 51. 51. 255. 255. 255. 255. 255. 0. 0. 0. 0. 0. 0. 0. 143.
    255. 255. 255. 255. 255. 0. 0. 255. 255. 255. 255. 255. 143. 0. 0.
    0. 0. 0. 0. 250. 255. 255. 255. 255. 255. 0. 0. 71. 255. 255. 255.
    255. 250. 0. 0. 0. 0. 0. 255. 255. 255. 255. 255. 255. 46. 0. 0. 46.
    255. 255. 255. 255. 255. 255. 0. 0. 0. 0. 255. 255. 255. 255. 255.
    179. 0. 0. 0. 0. 179. 255. 255. 255. 255. 179. 0. 0. 0. 0. 128. 229.
    255. 255. 255. 0. 0. 0. 0. 0. 0. 255. 255. 255. 229. 0. 0. 0. 0. 0.
    0. 61. 183. 255. 219. 0. 0. 0. 0. 0. 0. 219. 255. 183. 61. 0. 0. 0.
    0. 0. 0. 0. 15. 255. 204. 0. 0. 0. 0. 0. 0. 204. 255. 15. 0. 0. 0.
    0. 0. 0. 0. 0. 0. 0. 0. 233. 81. 81. 81. 198. 0. 0. 0. 0. 0. 0. 0.
    0. 0. 0. 0. 0. 0. 0. 0. 255. 255. 255. 255. 255. 0. 0. 0. 0. 0. 0.
    0. 0. 0. 0. 0. 0. 0. 0. 0. 236. 255. 255. 255. 255. 0. 0. 0. 0. 0.
    0. 0. 0. 0. 0. 0. 0. 0. 0. 0. 223. 255. 200. 255. 255. 0. 0. 0. 0.
    0. 0. 0. 0. 0. 0. 0. 0. 0. 0. 0. 223. 255. 0. 255. 255. 0. 0. 0. 0.
    0. 0. 0. 0. 0. 0. 0. 0. 0. 0. 0. 223. 255. 0. 255. 255. 0. 0. 0. 0.
    0. 0. 0. 0. 0. 0. 0. 0. 0. 0. 0. 223. 255. 0. 255. 255. 0. 0. 0. 0.
    0. 0. 0. 0. 0. 0. 0. 0. 0. 0. 0. 223. 255. 0. 255. 255. 0. 0. 0. 0.
    0. 0. 0. 0. 0. 0. 0. 0. 0. 0. 0. 223. 255. 0. 255. 255. 0. 0. 0. 0.
    0. 0. 0. 0. 0. 0. 0. 0. 0. 0. 0. 223. 255. 0. 255. 255. 0. 0. 0. 0.
    0. 0. 0. 0. 0. 0. 0. 0. 0. 0. 0. 223. 255. 0. 255. 255. 0. 0. 0. 0.
    0. 0. 0. 0. 255. 223. 72. 72. 72. 72. 72. 232. 255. 0. 57. 255. 72.
    72. 72. 72. 72. 72. 223. 185. 255. 255. 255. 255. 255. 255. 255.
    255. 255. 0. 5. 255. 255. 255. 255. 255. 255. 255. 255. 185. 255.
    255. 255. 255. 255. 255. 255. 255. 77. 0. 0. 77. 255. 255. 255. 255.
    255. 255. 255. 185. 255. 255. 208. 208. 208. 0. 0. 0. 0. 0. 0. 0. 0.
    120. 203. 0. 208. 226. 255. 185. 255. 255. 0. 16. 99. 0. 0. 0. 0. 0.
    0. 0. 0. 0. 203. 0. 0. 226. 255. 185. 255. 255. 255. 255. 255. 255.
    255. 132. 0. 0. 0. 115. 255. 255. 255. 255. 255. 255. 255. 185. 255.
    255. 255. 255. 255. 255. 255. 255. 179. 0. 0. 255. 255. 255. 255.
    255. 255. 255. 255. 191. 205. 72. 72. 72. 72. 72. 72. 232. 255. 0.
    41. 255. 72. 72. 72. 72. 72. 72. 223. 205. 0. 0. 0. 0. 0. 0. 0. 0.
    255. 0. 57. 255. 0. 0. 0. 0. 0. 0. 0. 0. 0. 0. 0. 0. 0. 0. 0. 219.
    255. 56. 57. 255. 0. 0. 0. 0. 0. 0. 0. 0. 0. 0. 0. 0. 0. 0. 0. 223.
    255. 57. 57. 255. 0. 0. 0. 0. 0. 0. 0. 0. 0. 0. 0. 0. 0. 0. 0. 223.
    255. 57. 57. 255. 0. 0. 0. 0. 0. 0. 0. 0. 0. 0. 0. 0. 0. 0. 0. 223.
    255. 57. 57. 255. 0. 0. 0. 0. 0. 0. 0. 0. 0. 0. 0. 0. 0. 0. 0. 223.
    255. 57. 57. 255. 0. 0. 0. 0. 0. 0. 0. 0. 0. 0. 0. 0. 0. 0. 0. 223.
    255. 57. 57. 255. 0. 0. 0. 0. 0. 0. 0. 0. 0. 0. 0. 0. 0. 0. 0. 223.
    255. 57. 212. 255. 0. 0. 0. 0. 0. 0. 0. 0. 0. 0. 0. 0. 0. 0. 0. 223.
    255. 255. 255. 255. 93. 0. 0. 0. 0. 0. 0. 0. 0. 0. 0. 0. 0. 0. 0.
